Vertex Count: 180

Data:

0.404509 0.5 0.293893 0.3875 0.31156 0.809017 0 0.587785
0.404509 -0.5 0.293893 0.3875 0.6875 0.809017 0 0.587785
0.475529 -0.5 0.154509 0.375 0.6875 0.951057 0 0.309016
0.293893 0.5 0.404509 0.4 0.31156 0.587785 0 0.809017
0.293893 -0.5 0.404509 0.4 0.6875 0.587785 0 0.809017
0.404509 -0.5 0.293893 0.3875 0.6875 0.809017 0 0.587785
0.154509 0.5 0.475529 0.4125 0.31156 0.309017 0 0.951057
0.154509 -0.5 0.475529 0.4125 0.6875 0.309017 0 0.951057
0.293893 -0.5 0.404509 0.4 0.6875 0.587785 0 0.809017
0 0.5 0.5 0.425 0.31156 -0 0 1
0 -0.5 0.5 0.425 0.6875 -0 0 1
0.154509 -0.5 0.475529 0.4125 0.6875 0.309017 0 0.951057
-0.154509 0.5 0.475528 0.4375 0.31156 -0.309017 0 0.951056
-0.154509 -0.5 0.475528 0.4375 0.6875 -0.309017 0 0.951056
0 -0.5 0.5 0.425 0.6875 -0 0 1
-0.293893 0.5 0.404509 0.45 0.31156 -0.587785 0 0.809017
-0.293893 -0.5 0.404509 0.45 0.6875 -0.587785 0 0.809017
-0.154509 -0.5 0.475528 0.4375 0.6875 -0.309017 0 0.951056
-0.404509 0.5 0.293893 0.4625 0.31156 -0.809017 0 0.587785
-0.404509 -0.5 0.293893 0.4625 0.6875 -0.809017 0 0.587785
-0.293893 -0.5 0.404509 0.45 0.6875 -0.587785 0 0.809017
-0.475528 0.5 0.154509 0.475 0.31156 -0.951057 0 0.309017
-0.475528 -0.5 0.154509 0.475 0.6875 -0.951057 0 0.309017
-0.404509 -0.5 0.293893 0.4625 0.6875 -0.809017 0 0.587785
-0.5 0.5 -0 0.4875 0.31156 -1 0 -0
-0.5 -0.5 -0 0.4875 0.6875 -1 0 -0
-0.475528 -0.5 0.154509 0.475 0.6875 -0.951057 0 0.309017
-0.475528 0.5 -0.154509 0.5 0.31156 -0.951057 0 -0.309017
-0.475528 -0.5 -0.154509 0.5 0.6875 -0.951057 0 -0.309017
-0.5 -0.5 -0 0.4875 0.6875 -1 0 -0
-0.404509 0.5 -0.293893 0.5125 0.31156 -0.809017 0 -0.587785
-0.404509 -0.5 -0.293893 0.5125 0.6875 -0.809017 0 -0.587785
-0.475528 -0.5 -0.154509 0.5 0.6875 -0.951057 0 -0.309017
-0.293893 0.5 -0.404509 0.525 0.31156 -0.587785 0 -0.809017
-0.293893 -0.5 -0.404509 0.525 0.6875 -0.587785 0 -0.809017
-0.404509 -0.5 -0.293893 0.5125 0.6875 -0.809017 0 -0.587785
-0.154509 0.5 -0.475528 0.5375 0.31156 -0.309017 0 -0.951057
-0.154509 -0.5 -0.475528 0.5375 0.6875 -0.309017 0 -0.951057
-0.293893 -0.5 -0.404509 0.525 0.6875 -0.587785 0 -0.809017
-0 0.5 -0.5 0.55 0.31156 0 0 -1
-0 -0.5 -0.5 0.55 0.6875 0 0 -1
-0.154509 -0.5 -0.475528 0.5375 0.6875 -0.309017 0 -0.951057
0.154508 0.5 -0.475528 0.5625 0.31156 0.309017 0 -0.951057
0.154508 -0.5 -0.475528 0.5625 0.6875 0.309017 0 -0.951057
-0 -0.5 -0.5 0.55 0.6875 0 0 -1
0.293893 0.5 -0.404509 0.575 0.31156 0.587785 0 -0.809017
0.293893 -0.5 -0.404509 0.575 0.6875 0.587785 0 -0.809017
0.154508 -0.5 -0.475528 0.5625 0.6875 0.309017 0 -0.951057
0.404509 0.5 -0.293893 0.5875 0.31156 0.809017 0 -0.587785
0.404509 -0.5 -0.293893 0.5875 0.6875 0.809017 0 -0.587785
0.293893 -0.5 -0.404509 0.575 0.6875 0.587785 0 -0.809017
0.475528 0.5 -0.154509 0.6 0.31156 0.951057 0 -0.309017
0.475528 -0.5 -0.154509 0.6 0.6875 0.951057 0 -0.309017
0.404509 -0.5 -0.293893 0.5875 0.6875 0.809017 0 -0.587785
0.5 0.5 -0 0.6125 0.31156 1 0 -1e-006
0.5 -0.5 -0 0.6125 0.6875 1 0 -1e-006
0.475528 -0.5 -0.154509 0.6 0.6875 0.951057 0 -0.309017
0.475529 0.5 0.154509 0.625 0.31156 0.951057 0 0.309016
0.475529 -0.5 0.154509 0.625 0.6875 0.951057 0 0.309016
0.5 -0.5 -0 0.6125 0.6875 1 0 -1e-006
0 -0.5 -0 0.5 0.85 0 -1 -0
0.475529 -0.5 0.154509 0.648603 0.892034 0 -1 -0
0.404509 -0.5 0.293893 0.626409 0.935592 0 -1 -0
0 -0.5 -0 0.5 0.85 0 -1 -0
0.404509 -0.5 0.293893 0.626409 0.935592 0 -1 -0
0.293893 -0.5 0.404509 0.591842 0.970159 0 -1 -0
0 -0.5 -0 0.5 0.85 0 -1 -0
0.293893 -0.5 0.404509 0.591842 0.970159 0 -1 -0
0.154509 -0.5 0.475529 0.548284 0.992353 0 -1 -0
0 -0.5 -0 0.5 0.85 0 -1 -0
0.154509 -0.5 0.475529 0.548284 0.992353 0 -1 -0
0 -0.5 0.5 0.5 1 0 -1 -0
0 -0.5 -0 0.5 0.85 0 -1 -0
0 -0.5 0.5 0.5 1 0 -1 -0
-0.154509 -0.5 0.475528 0.451716 0.992353 0 -1 -0
0 -0.5 -0 0.5 0.85 0 -1 -0
-0.154509 -0.5 0.475528 0.451716 0.992353 0 -1 -0
-0.293893 -0.5 0.404509 0.408159 0.970159 0 -1 -0
0 -0.5 -0 0.5 0.85 0 -1 -0
-0.293893 -0.5 0.404509 0.408159 0.970159 0 -1 -0
-0.404509 -0.5 0.293893 0.373591 0.935591 0 -1 -0
0 -0.5 -0 0.5 0.85 0 -1 -0
-0.404509 -0.5 0.293893 0.373591 0.935591 0 -1 -0
-0.475528 -0.5 0.154509 0.351397 0.892034 0 -1 -0
0 -0.5 -0 0.5 0.85 0 -1 -0
-0.475528 -0.5 0.154509 0.351397 0.892034 0 -1 -0
-0.5 -0.5 -0 0.34375 0.84375 0 -1 -0
0 -0.5 -0 0.5 0.85 0 -1 -0
-0.5 -0.5 -0 0.34375 0.84375 0 -1 -0
-0.475528 -0.5 -0.154509 0.351397 0.795466 0 -1 -0
0 -0.5 -0 0.5 0.85 0 -1 -0
-0.475528 -0.5 -0.154509 0.351397 0.795466 0 -1 -0
-0.404509 -0.5 -0.293893 0.373591 0.751909 0 -1 -0
0 -0.5 -0 0.5 0.85 0 -1 -0
-0.404509 -0.5 -0.293893 0.373591 0.751909 0 -1 -0
-0.293893 -0.5 -0.404509 0.408159 0.717341 0 -1 -0
0 -0.5 -0 0.5 0.85 0 -1 -0
-0.293893 -0.5 -0.404509 0.408159 0.717341 0 -1 -0
-0.154509 -0.5 -0.475528 0.451716 0.695147 0 -1 -0
0 -0.5 -0 0.5 0.85 0 -1 -0
-0.154509 -0.5 -0.475528 0.451716 0.695147 0 -1 -0
-0 -0.5 -0.5 0.5 0.6875 0 -1 -0
0 -0.5 -0 0.5 0.85 0 -1 -0
-0 -0.5 -0.5 0.5 0.6875 0 -1 -0
0.154508 -0.5 -0.475528 0.548284 0.695147 0 -1 -0
0 -0.5 -0 0.5 0.85 0 -1 -0
0.154508 -0.5 -0.475528 0.548284 0.695147 0 -1 -0
0.293893 -0.5 -0.404509 0.591841 0.717341 0 -1 -0
0 -0.5 -0 0.5 0.85 0 -1 -0
0.293893 -0.5 -0.404509 0.591841 0.717341 0 -1 -0
0.404509 -0.5 -0.293893 0.626409 0.751909 0 -1 -0
0 -0.5 -0 0.5 0.85 0 -1 -0
0.404509 -0.5 -0.293893 0.626409 0.751909 0 -1 -0
0.475528 -0.5 -0.154509 0.648603 0.795466 0 -1 -0
0 -0.5 -0 0.5 0.85 0 -1 -0
0.475528 -0.5 -0.154509 0.648603 0.795466 0 -1 -0
0.5 -0.5 -0 0.65625 0.84375 0 -1 -0
0 -0.5 -0 0.5 0.85 0 -1 -0
0.5 -0.5 -0 0.65625 0.84375 0 -1 -0
0.475529 -0.5 0.154509 0.648603 0.892034 0 -1 -0
0 0.5 -0 0.5 0.1625 0 1 -0
0.404509 0.5 0.293893 0.626409 0.064409 0 1 -0
0.475529 0.5 0.154509 0.648603 0.107966 0 1 -0
0 0.5 -0 0.5 0.1625 0 1 -0
0.293893 0.5 0.404509 0.591841 0.029841 0 1 -0
0.404509 0.5 0.293893 0.626409 0.064409 0 1 -0
0 0.5 -0 0.5 0.1625 0 1 -0
0.154509 0.5 0.475529 0.548284 0.00764698 0 1 -0
0.293893 0.5 0.404509 0.591841 0.029841 0 1 -0
0 0.5 -0 0.5 0.1625 0 1 -0
0 0.5 0.5 0.5 0 0 1 -0
0.154509 0.5 0.475529 0.548284 0.00764698 0 1 -0
0 0.5 -0 0.5 0.1625 0 1 -0
-0.154509 0.5 0.475528 0.451716 0.00764698 0 1 -0
0 0.5 0.5 0.5 0 0 1 -0
0 0.5 -0 0.5 0.1625 0 1 -0
-0.293893 0.5 0.404509 0.408159 0.029841 0 1 -0
-0.154509 0.5 0.475528 0.451716 0.00764698 0 1 -0
0 0.5 -0 0.5 0.1625 0 1 -0
-0.404509 0.5 0.293893 0.373591 0.064409 0 1 -0
-0.293893 0.5 0.404509 0.408159 0.029841 0 1 -0
0 0.5 -0 0.5 0.1625 0 1 -0
-0.475528 0.5 0.154509 0.351397 0.107966 0 1 -0
-0.404509 0.5 0.293893 0.373591 0.064409 0 1 -0
0 0.5 -0 0.5 0.1625 0 1 -0
-0.5 0.5 -0 0.34375 0.15625 0 1 -0
-0.475528 0.5 0.154509 0.351397 0.107966 0 1 -0
0 0.5 -0 0.5 0.1625 0 1 -0
-0.475528 0.5 -0.154509 0.351397 0.204534 0 1 -0
-0.5 0.5 -0 0.34375 0.15625 0 1 -0
0 0.5 -0 0.5 0.1625 0 1 -0
-0.404509 0.5 -0.293893 0.373591 0.248091 0 1 -0
-0.475528 0.5 -0.154509 0.351397 0.204534 0 1 -0
0 0.5 -0 0.5 0.1625 0 1 -0
-0.293893 0.5 -0.404509 0.408159 0.282659 0 1 -0
-0.404509 0.5 -0.293893 0.373591 0.248091 0 1 -0
0 0.5 -0 0.5 0.1625 0 1 -0
-0.154509 0.5 -0.475528 0.451716 0.304853 0 1 -0
-0.293893 0.5 -0.404509 0.408159 0.282659 0 1 -0
0 0.5 -0 0.5 0.1625 0 1 -0
-0 0.5 -0.5 0.5 0.3125 0 1 -0
-0.154509 0.5 -0.475528 0.451716 0.304853 0 1 -0
0 0.5 -0 0.5 0.1625 0 1 -0
0.154508 0.5 -0.475528 0.548284 0.304853 0 1 -0
-0 0.5 -0.5 0.5 0.3125 0 1 -0
0 0.5 -0 0.5 0.1625 0 1 -0
0.293893 0.5 -0.404509 0.591842 0.282659 0 1 -0
0.154508 0.5 -0.475528 0.548284 0.304853 0 1 -0
0 0.5 -0 0.5 0.1625 0 1 -0
0.404509 0.5 -0.293893 0.626409 0.248092 0 1 -0
0.293893 0.5 -0.404509 0.591842 0.282659 0 1 -0
0 0.5 -0 0.5 0.1625 0 1 -0
0.475528 0.5 -0.154509 0.648603 0.204534 0 1 -0
0.404509 0.5 -0.293893 0.626409 0.248092 0 1 -0
0 0.5 -0 0.5 0.1625 0 1 -0
0.5 0.5 -0 0.65625 0.15625 0 1 -0
0.475528 0.5 -0.154509 0.648603 0.204534 0 1 -0
0 0.5 -0 0.5 0.1625 0 1 -0
0.475529 0.5 0.154509 0.648603 0.107966 0 1 -0
0.5 0.5 -0 0.65625 0.15625 0 1 -0
